2135  89
2285  190
3517  98
1630  154
3108  71
2648  100
1319  135
4434  168
2809  152
1860  33
3251  174
4643  130
1024  80
3507  17
4361  18
1613  138
1565  88
4823  65
3076  139
1054  59
4217  26
1724  20
4346  52
4168  138
1122  13
3987  173
4772  164
1700  109
4608  80
2626  64
3438  175
3837  191
1900  111
2309  62
1311  37
2838  142
2101  20
2801  60
2022  41
1839  35
4253  5
2504  136
4044  169
4467  193
3047  67
1609  145
4768  92
4073  149
4503  199
1681  25
1187  190
3574  110
4632  67
2615  58
1725  74
1207  198
3305  134
4459  120
1518  98
2115  159
3484  174
3504  114
1089  181
4887  176
3610  29
2410  44
1706  9
1915  39
2195  173
2727  152
1588  198
4973  98
2113  163
1444  133
3715  122
2075  175
2119  39
3096  37
3457  80
3230  39
1646  25
3969  191
1645  73
4068  196
2422  32
4923  185
1734  99
3048  173
2379  74
4400  159
3940  41
4248  178
1167  156
3249  122
3202  133
2998  162
4267  136
3557  89
4180  105
4474  93
1684  98
1321  87
3401  191
2645  73
2374  158
2516  136
2105  160
4240  172
4684  55
1587  134
1247  46
3467  162
2281  166
1268  97
4905  67
1092  71
2169  34
1041  193
2222  154
4420  135
2563  48
2087  55
1800  125
4032  85
4702  119
2816  67
4226  124
4271  145
2813  74
3998  117
3949  95
2272  140
3953  106
2419  158
4153  194
1606  39
2367  6
3446  141
1571  50
2493  180
3503  84
2987  77
1715  179
3799  35
3810  34
4353  118
3006  89
3430  25
2121  106
2327  34
4637  179
3110  161
1258  122
4515  126
4518  168
3205  86
1070  121
4776  125
4785  90
1380  34
3448  94
4657  112
2748  142
2070  112
2205  53
3270  151
3714  34
2728  28
1241  62
1129  91
2392  136
2780  177
4538  48
2990  63
3824  185
1251  188
2943  30
2459  188
1166  37
2508  73
2967  32
3745  59
1894  181
1373  75
2129  8
2123  100
